9.999995999999535812e-01 -9.035185117502276620e-04 -2.101170704795228604e-04 1.289127776801030556e-03 9.037963879493272901e-04 9.999987000004830762e-01 1.325645643752537033e-03 -1.821616046693240107e-02 2.089191292142904548e-04 -1.325834356095819625e-03 9.999990999995636010e-01 1.310643000006269654e+00
9.999996434604895290e-01 -7.429415131175100707e-04 -3.432209574700731533e-04 -5.911642889159020873e-04 7.431254253772607296e-04 9.999995802091361519e-01 5.343841879289315836e-04 -2.555924421223127255e-02 3.428237439845842468e-04 -5.346388229270794936e-04 9.999997802100097921e-01 1.314623419351715894e+00
9.999984084283496388e-01 -1.766381026992211879e-03 -1.795784491659319949e-04 2.283193296591590898e-03 1.766141785329984571e-03 9.999975496366018124e-01 -1.323233663775527430e-03 -2.344677688474441218e-02 1.819154533008383217e-04 1.322913701745570070e-03 9.999991368582376028e-01 1.316388617946635531e+00
9.999999930855563157e-01 -2.220986628518932472e-04 8.876759202393742733e-05 1.628120097988172525e-03 2.220739856102744796e-04 9.999999070602867413e-01 2.776254349214570699e-04 -2.252267756488515738e-02 -8.882930276335433088e-05 -2.776057655631983885e-04 9.999999848066070118e-01 1.319274207574197000e+00
9.999999714226545100e-01 -2.904058789389628802e-04 1.301804503338313730e-04 2.165334828425230854e-03 2.902983137176520941e-04 9.999996284708578820e-01 8.262009967801565947e-04 -1.771331689200303372e-02 -1.304204323564963231e-04 -8.261630298633871380e-04 9.999995911806790483e-01 1.320605811475541458e+00
9.999987448179795679e-01 -1.579395910746644264e-03 1.033726583144668352e-04 4.030253049185089295e-03 1.579287641084151225e-03 9.999982287133520886e-01 1.053271594425818402e-03 -1.731308293725955516e-02 -1.050359639514865845e-04 -1.053106346345361079e-03 9.999994776165607169e-01 1.327108494190917476e+00
9.999999177145506568e-01 3.191314036486554121e-04 -1.756800156274551390e-04 1.198444297466698741e-03 -3.189756701135954063e-04 9.999995398740610941e-01 8.895690299558716525e-04 -1.980706572196180848e-02 1.759638002345895668e-04 -8.895128701739138995e-04 9.999995695548572483e-01 1.330138025705576155e+00
9.999997835382369304e-01 5.547057763816330917e-04 -2.718047717007147793e-04 8.697463437357458305e-05 -5.551704029278744547e-04 9.999983790562927410e-01 -1.714552017166585908e-03 -2.172986961849840415e-02 2.708533235924245474e-04 1.714701345292842394e-03 9.999985088247020926e-01 1.330598806393325617e+00
9.999962355734830499e-01 2.732341172192682965e-03 -1.119139814635471364e-04 1.260278165677031215e-04 -2.732629149491518430e-03 9.999927924759193232e-01 -2.650834941614800804e-03 -1.618242894621629846e-02 1.046701859754840352e-04 2.651131035403076451e-03 9.999964354246650977e-01 1.334602416855501517e+00
9.999940256136070627e-01 3.445293458713471167e-03 3.364485003852209308e-04 -2.100334748181616196e-03 -3.444976274881373073e-03 9.999935910863921862e-01 -9.413927294843015122e-04 -1.224017727714507564e-02 -3.396896897844799211e-04 9.402273943528293310e-04 9.999995130151683176e-01 1.337832666605221377e+00
9.999970773048163508e-01 2.418882973449776319e-03 9.116209685108728222e-05 -4.423214358578169726e-03 -2.418896688309486905e-03 9.999970841590616333e-01 1.459751940121703539e-04 -1.687031516911008389e-02 -9.080879585288407130e-05 -1.461949958269232993e-04 9.999999916090203111e-01 1.338434131205994859e+00
9.999992878378729522e-01 1.226897947555150893e-03 1.407365225380481253e-04 -3.195192841157052776e-03 -1.226996861090878885e-03 9.999989462292919740e-01 7.068173232083266311e-04 -1.972066647982306797e-02 -1.398691594690938125e-04 -7.069888852745284625e-04 9.999998085830926753e-01 1.350214748167347878e+00
9.999974418405825904e-01 -2.197744738206382047e-03 4.019927966327963465e-04 2.197681695618423046e-03 2.196674292522114193e-03 9.999940861000151671e-01 2.644068554615439798e-03 -1.746286610041619669e-02 -4.078014569755837918e-04 -2.643179047474252669e-03 9.999963330235795977e-01 1.351574978175966280e+00
9.999924576326884029e-01 -3.892399041028288785e-03 2.170497834784361013e-04 4.770618531174617219e-03 3.891906690516688198e-03 9.999899926218449586e-01 2.229820595922514005e-03 -1.971188809673007913e-02 -2.257269665042804579e-04 -2.228957633730437645e-03 9.999975499577415938e-01 1.352437402767048269e+00
9.999961878266026005e-01 -2.739808812413557695e-03 -2.940306325724759834e-04 4.162546482617430869e-03 2.739165909428354674e-03 9.999939021550307006e-01 -2.166568306554559741e-03 -2.157185140387335442e-02 2.999648604402242280e-04 2.165754326009854298e-03 9.999975627742334616e-01 1.351935637486331387e+00
9.999988935296236781e-01 -1.480550851351388223e-03 -2.011216042955961349e-04 -9.112056084037891551e-04 1.480067513797441066e-03 9.999960206673755847e-01 -2.384602830098638254e-03 -2.567666431309412189e-02 2.046513720346933654e-04 2.384302117230221226e-03 9.999971391628179607e-01 1.354525305296302662e+00
9.999972281964709664e-01 2.270850354070767102e-03 6.505433639642979994e-04 -4.728694723717893206e-03 -2.269862260132372335e-03 9.999963142226500068e-01 -1.516225012708159346e-03 -2.834083685368854466e-02 -6.539841506486687023e-04 1.514743388758191256e-03 9.999986852760377465e-01 1.364497048454097694e+00
9.999951230439262373e-01 2.991810927719569264e-03 8.228662208062310522e-04 -7.248246306965227398e-03 -2.992878623298143598e-03 9.999946857629554708e-01 1.298389708162395531e-03 -2.173761206980151517e-02 -8.189778549447098918e-04 -1.300845502321430454e-03 9.999987608258193994e-01 1.366394912674095963e+00
9.999989431212495949e-01 1.305867146127569298e-03 6.957752203186198326e-04 -4.061411298869083142e-03 -1.310152049994245480e-03 9.999799395253656797e-01 6.193402387861868252e-03 -2.087651091340952947e-02 -6.876726316867231778e-04 -6.194305647554905307e-03 9.999806230839279886e-01 1.376592444876646226e+00
9.999967404278834460e-01 -2.491454714550789783e-03 4.271256580571005518e-04 2.031767693273546505e-03 2.491439271390008363e-03 9.999968885448117240e-01 3.866678363705244355e-05 -2.583845967758247042e-02 -4.272217717048986405e-04 -3.760351119738366432e-05 9.999999361111407969e-01 1.371506392894506376e+00
9.999907994531068711e-01 -4.291873483320157202e-03 -4.195783007218572332e-04 3.735595772470540199e-03 4.291207976459389048e-03 9.999895458517129576e-01 -1.576964237652588724e-03 -3.031382741780119794e-02 4.263427536109880311e-04 1.575149807645493533e-03 9.999985888420510616e-01 1.374287598015119016e+00
9.999997354957205209e-01 -5.992669204043352040e-04 1.985776349573844341e-05 4.845316024975482305e-04 5.993166935004416631e-04 9.999964995351185992e-01 -2.570863359371768943e-03 -2.830945540529683502e-02 -1.831788170952122175e-05 2.570873078110148119e-03 9.999967707635742942e-01 1.375304252714798281e+00
9.999999698755606126e-01 -2.486362179323959752e-04 3.982000904288741081e-04 -2.474504446924805090e-04 2.495485473510939637e-04 9.999973513599731412e-01 -2.295053573421886386e-03 -2.803656489842715205e-02 -3.976274139588865443e-04 2.295152418724300415e-03 9.999972975227457983e-01 1.379686771243996191e+00
9.999942006038781139e-01 3.312075570104375862e-03 7.740331513445033703e-04 -4.584084490886944363e-03 -3.311756447849688659e-03 9.999944348030150865e-01 -4.150447112410645713e-04 -2.451606435318298693e-02 -7.754039565115032791e-04 4.124788961517446392e-04 9.999995614179909564e-01 1.385487890322497861e+00
9.999994527475379869e-01 9.409498703161250010e-04 3.905102097174709282e-04 -2.981528947054334910e-03 -9.401211154260344328e-04 9.999973308686460616e-01 -2.114918236217270490e-03 -2.529919433304966825e-02 -3.924988047023030241e-04 2.114549553226902513e-03 9.999976875226431750e-01 1.382524133232372776e+00
9.999996308381938759e-01 8.935066619226751661e-04 -7.229338841061774942e-05 -3.154851609365530440e-03 -8.935408970413307155e-04 9.999994984356298522e-01 -4.634597104548554233e-04 -2.599817704891727033e-02 7.187865471627422921e-05 4.635242027283414273e-04 9.999998674643332253e-01 1.393127331890589460e+00
9.999999201110931768e-01 7.321029391669326911e-05 -8.710296049564121383e-05 -2.968448807511486764e-03 -7.300926539568968290e-05 9.999972934448992934e-01 2.303949055667601185e-03 -2.596732291857917208e-02 8.727154761879877588e-05 -2.303942696747567857e-03 9.999973565476898418e-01 1.397172191879811010e+00
9.999996212596833356e-01 7.727938182857636102e-04 -4.212865972125638442e-04 -1.792456440581735588e-03 -7.721193357684932347e-04 9.999985036933198845e-01 1.599194464968223175e-03 -2.295592914156363573e-02 4.225224085423552644e-04 -1.598868100524190351e-03 9.999986058326815197e-01 1.398042122827490630e+00
9.999964216140568851e-01 2.702552894733963994e-03 -2.353313532682652678e-05 -2.318464324301924839e-03 -2.702561052569129197e-03 9.999962081020339344e-01 -3.184922320609109869e-04 -2.386718827661793441e-02 2.267232333585621670e-05 3.185547145536713593e-04 9.999999491607143298e-01 1.395670813623667073e+00
9.999966918085229084e-01 2.536503790392789261e-03 1.391977575305193809e-04 -1.646511358082081156e-03 -2.536479609127768528e-03 9.999968441378940254e-01 -1.820036450131296034e-04 -1.933200378373112205e-02 -1.396591264354873636e-04 1.816499079766688220e-04 9.999999801429788615e-01 1.402818614929984165e+00
9.999976981495989348e-01 2.153736481314510228e-03 7.055912382935237759e-06 -4.496104942591380715e-03 -2.153738749769013461e-03 9.999974891426826051e-01 5.110090612606377159e-04 -2.624609323115323356e-02 -5.955025763017069531e-06 -5.110229955561457421e-04 9.999999430796645550e-01 1.406637397071754947e+00
9.999994243502287050e-01 1.105558383403384753e-03 -2.694288327819181826e-04 -2.030025376050861863e-03 -1.105484311891586236e-03 9.999993499820157838e-01 2.769412841742694602e-04 -2.335177817134848066e-02 2.697343741733307636e-04 -2.766431049813314899e-04 9.999998539842838152e-01 1.407581092409358803e+00
9.999992612026405991e-01 -1.049809573041926049e-03 -4.279288304118921359e-04 1.070643288378039792e-03 1.049631280751255231e-03 9.999993823370744161e-01 -4.151627959884318588e-04 -2.404019145826385984e-02 4.283643284694102884e-04 4.147131804980093189e-04 9.999998793005897557e-01 1.409632759964630111e+00
9.999994831991638744e-01 -8.350154410882622020e-04 -6.867756104222495685e-04 1.379786574874392047e-03 8.345830947570318263e-04 9.999994534735771046e-01 -6.294211078346179881e-04 -2.089876702734072556e-02 6.873015905635933330e-04 6.288473843209231541e-04 9.999995466424411728e-01 1.413070887595772263e+00
9.999993219374468945e-01 -6.248137230170689544e-04 -9.640592068278040902e-04 9.175266473576207393e-04 6.255228594561958741e-04 9.999995914207941983e-01 7.353122027255997719e-04 -2.085783023714526951e-02 9.635986983668592140e-04 -7.359146108493635520e-04 9.999992503486851980e-01 1.415790743305386457e+00
9.999994514616921126e-01 2.110514646499719502e-04 -1.007777308693829027e-03 -1.438953019854618143e-03 -2.101922061168344524e-04 9.999995678616226957e-01 8.528028316158200962e-04 -2.286896536059979113e-02 1.007956924631718586e-03 -8.525904803418948071e-04 9.999991795830752705e-01 1.422590738211006567e+00
9.999992915926319004e-01 6.382970927495592445e-04 -1.064166438332844267e-03 -1.356852474691548627e-03 -6.380256395237115120e-04 9.999997370022009058e-01 2.537570361472914486e-04 -2.278554800293031146e-02 1.064328295752040715e-03 -2.530779766206773846e-04 9.999993625066347924e-01 1.422532732848800663e+00
9.999992650335743916e-01 -1.015468355895655877e-05 -1.173120329124919528e-03 -7.889803236092174377e-04 9.699268735948207877e-06 9.999999254838750629e-01 -3.866098339622228990e-04 -2.241296177010032586e-02 1.173124732843878462e-03 3.865983740721944313e-04 9.999992340485571729e-01 1.426109629186733230e+00
9.999993639739503948e-01 2.413815689477686840e-04 -1.117301257946333795e-03 8.608126805240146062e-05 -2.399588349953556772e-04 9.999991595760406859e-01 1.272740734900999499e-03 -1.980570453584351576e-02 1.117606489377473596e-03 -1.272471919434862726e-03 9.999986121168300546e-01 1.428841478645438201e+00
9.999987197515765036e-01 -1.389170393391039263e-03 -8.057497784570809415e-04 7.485149396375123665e-04 1.389945857869225379e-03 9.999986293038048979e-01 9.614580886308748790e-04 -2.423287174426758117e-02 8.044130366751203222e-04 -9.625763159424343589e-04 9.999991570575279543e-01 1.427442397191676093e+00
9.999987013198475827e-01 -1.493609972710419499e-03 -6.406850771262220714e-04 2.394833317106659365e-03 1.493551803044407093e-03 9.999988438689925152e-01 -9.157205941367116387e-05 -2.421844700556929908e-02 6.408213858295216210e-04 9.061484106903105475e-05 9.999998558966178841e-01 1.431899198167883469e+00
9.999971111028738147e-01 -2.281575244951540050e-03 -6.241232050985374112e-04 3.703158380671423000e-03 2.281302854719838118e-03 9.999972602129258981e-01 -4.386840144405412139e-04 -2.439766912108609631e-02 6.251230591030605514e-04 4.372583692195182339e-04 9.999997115051254548e-01 1.428836426597165143e+00
9.999991165547369443e-01 -1.346933332748794692e-03 -7.708013022523824056e-05 4.957746222442327433e-03 1.346966382662570039e-03 9.999990510298449875e-01 4.374287245868415503e-04 -2.111727052073830713e-02 7.649086130858701461e-05 -4.375308147822205818e-04 9.999998803711052098e-01 1.428098384340820814e+00
9.999991772868865869e-01 -1.215101952970145619e-03 4.297459119018163056e-04 4.649806106558240781e-03 1.214827955029072889e-03 9.999990704227326166e-01 6.377937764418007164e-04 -2.370671451537309515e-02 -4.305203073331573954e-04 -6.372709008599790640e-04 9.999996431958243504e-01 1.429465364718019771e+00
9.999994220501985387e-01 -1.025652254000814249e-03 3.833890798002735243e-04 3.771006259234377378e-03 1.025410141657703183e-03 9.999992622298072842e-01 6.298211093433519992e-04 -2.509487287967848701e-02 -3.840347962903963084e-04 -6.294284625412404624e-04 9.999997584434843212e-01 1.424691415186735810e+00
9.999979884333297653e-01 -1.931650504100312308e-03 4.283395259457119155e-04 2.876622678536777666e-03 1.931838174631090145e-03 9.999980463107520645e-01 -4.338654961221541221e-04 -2.890851013208139975e-02 -4.275013868849135900e-04 4.346917792533773906e-04 9.999998129578591133e-01 1.423926211978312040e+00
9.999988527027672269e-01 -1.499859851537217346e-03 4.773743724414703242e-04 4.710835841987170980e-03 1.500265241141704453e-03 9.999984915002153585e-01 -8.500295124371354521e-04 -2.559272563403380829e-02 -4.760986422956827802e-04 8.507453228073082012e-04 9.999995304842040911e-01 1.419798433550624850e+00
9.999997008965870737e-01 7.802808920737605678e-05 6.455827604369987569e-04 2.465953384962971118e-03 -7.765855007860990777e-05 9.999998706237797075e-01 -5.726406683067966413e-04 -2.553711586344609152e-02 -6.456272694678761442e-04 5.725909227125711631e-04 9.999995945392898822e-01 1.417464582557045105e+00
9.999982173465359336e-01 1.737820625189171646e-03 8.067887699888503638e-04 5.593097533842794622e-04 -1.737870406376354959e-03 9.999984532003026727e-01 6.016464128893553071e-05 -2.368949202879067073e-02 -8.066832953774189094e-04 -6.156686647066304102e-05 9.999997355698135859e-01 1.413665962421248423e+00
9.999959002338394409e-01 2.830929297962728099e-03 4.890057215538222641e-04 -5.838561076178999665e-03 -2.831579571335860867e-03 9.999951143185492608e-01 1.332633313465369498e-03 -2.912402412792491901e-02 -4.852308144570587761e-04 -1.334013077940010344e-03 9.999989538064123495e-01 1.412775481810228939e+00
9.999929211255947914e-01 3.658288710377863295e-03 7.816495002140921898e-04 -4.750574211352331933e-03 -3.659311971254610753e-03 9.999924936420876431e-01 1.309976653155115085e-03 -2.691475543561261397e-02 -7.768501961854264561e-04 -1.312826422935009073e-03 9.999988685370716501e-01 1.413993973037563023e+00
9.999931141857629768e-01 3.646393648952654578e-03 7.575694831710795725e-04 -6.213498788441490506e-03 -3.646811748594562443e-03 9.999931157002287518e-01 5.522080969412106969e-04 -2.741238337127605007e-02 -7.555515866441031179e-04 -5.549682709318916980e-04 9.999995502568467254e-01 1.409670678940798894e+00
9.999896601177762356e-01 4.491911288337765464e-03 6.672605268068095789e-04 -6.102085339717253608e-03 -4.491649958391450738e-03 9.999898494844681185e-01 -3.935819197940837780e-04 -2.551253249882079466e-02 -6.690217444371136281e-04 3.905822425406521082e-04 9.999996551833980618e-01 1.399964367609157989e+00
9.999950800648641502e-01 3.065618489948870960e-03 7.198802516568493298e-04 -4.546509578730643930e-03 -3.065277505045044346e-03 9.999952253599189156e-01 -4.837686868640925469e-04 -2.454718182205528620e-02 -7.213597614693363462e-04 4.815586376660588850e-04 9.999996827668160559e-01 1.402482479510211988e+00
9.999974449801034559e-01 2.149096066788603807e-03 6.984959451789630232e-04 -7.260095445578276796e-03 -2.148906155893081336e-03 9.999976361422152626e-01 -2.666453820753534308e-04 -3.049999009574477782e-02 -6.990673737626428453e-04 2.651439991647776815e-04 9.999997127080492154e-01 1.401918428848517806e+00
9.999998708875452724e-01 2.719240489175006321e-04 3.365258648067980668e-04 -3.026600045792665616e-03 -2.719692644894107850e-04 9.999999319218441096e-01 1.333734562053167944e-04 -2.683512286702338656e-02 -3.364890470625939308e-04 -1.334649956526075016e-04 9.999998786509083359e-01 1.396183091233382356e+00
9.999992337946030929e-01 -1.235589134526977927e-03 1.541515319110771907e-04 -4.758715152105019719e-04 1.235561185194034191e-03 9.999992731332326690e-01 1.658305266328437548e-04 -2.633958388397616979e-02 -1.543563876762966340e-04 -1.656393231653831570e-04 1.000000025596422093e+00 1.394066980155301394e+00
9.999992782906584887e-01 -1.167684984110397336e-03 -6.648346278523055441e-05 8.796408115880893774e-04 1.167626742205536130e-03 9.999987910562505578e-01 -9.521276966408158751e-04 -2.505497138429380044e-02 6.759513944549122490e-05 9.520485504761116774e-04 9.999995260227679816e-01 1.390392610632162018e+00
9.999997200151820032e-01 -7.467543588826034036e-04 -2.803623319645069732e-04 -1.623314444243545429e-03 7.467135091455788650e-04 9.999997931856774436e-01 -1.278851425757960311e-04 -2.676270440894912284e-02 2.804568029988446093e-04 1.276755057726196405e-04 9.999999907066339233e-01 1.385409611277182762e+00
1.000000012934499027e+00 4.474638601786305487e-05 -2.324068631992205682e-04 -1.539067930938636808e-03 -4.468176013060668703e-05 9.999999629519270572e-01 2.693561274785830290e-04 -2.534803614279068640e-02 2.324197146153335813e-04 -2.693463140427164795e-04 9.999998865152481820e-01 1.386177343622250646e+00
9.999996754170294988e-01 -4.548552693553255819e-04 -5.329039980984294706e-04 -5.949231436013058261e-03 4.545769761122191491e-04 9.999997389270085524e-01 -5.226460773498475387e-04 -2.675238260928480827e-02 5.331412588338235118e-04 5.224042043331157160e-04 9.999997423630641036e-01 1.386360275545442278e+00
9.999996807397687482e-01 3.550342276728827196e-04 -7.261785918620414313e-04 -8.959621244499199610e-03 -3.547862375891680672e-04 9.999998183128295803e-01 3.539237722927772206e-04 -2.491826421730669594e-02 7.263040798146528157e-04 -3.536665677652277751e-04 9.999996501719411457e-01 1.381867439318725133e+00
9.999995016092300126e-01 -3.805883843780055080e-04 -9.420325597151532225e-04 -1.433448947006769197e-02 3.812634986078926162e-04 9.999996775900777957e-01 7.034810833069887444e-04 -2.874175256431521497e-02 9.417646745428523382e-04 -7.038393322379912906e-04 9.999993615872555530e-01 1.384431575246239277e+00
9.999971050356364355e-01 -2.124376819989436029e-03 -1.146285431570079512e-03 -7.836298743542729345e-03 2.125583203014799749e-03 9.999971874422017848e-01 1.046466160926043561e-03 -2.545485151057724771e-02 1.144058630185382057e-03 -1.048899313267467577e-03 9.999987112213720719e-01 1.378848266849217907e+00
9.999969659176454195e-01 -2.141340766927013473e-03 -1.216447725972547760e-03 -1.087215042003561449e-02 2.142190832358697138e-03 9.999974749251150374e-01 7.043686283111864205e-04 -2.729603616386300224e-02 1.214936855470787102e-03 -7.069716872632459109e-04 9.999990870304256152e-01 1.377145634250226180e+00
9.999978552689202660e-01 -1.988039343808021588e-03 -6.264284717526743054e-04 -8.464906682514788949e-03 1.988140749191538020e-03 9.999980604078454460e-01 1.604560162365405510e-04 -2.567069910632158170e-02 6.261073968123224628e-04 -1.617008143076280823e-04 9.999997540758841508e-01 1.368801318715597404e+00
9.999990761662272964e-01 -1.291011492605565825e-03 -4.725206473409828832e-04 -1.203419556692847392e-02 1.290689995640003198e-03 9.999989278391788750e-01 -6.816967916935001183e-04 -2.702378642142466703e-02 4.734012410350320788e-04 6.810858794609196730e-04 9.999996680072380517e-01 1.365951361549932130e+00
9.999992115787191826e-01 -1.225377695301814104e-03 -2.768476361296236818e-04 -1.127865579395526119e-02 1.225233192335975323e-03 9.999991275687166725e-01 -5.212030205337035661e-04 -2.568184028178532863e-02 2.774861879628991168e-04 5.208639138595537758e-04 9.999998283853744896e-01 1.362046513558127003e+00
9.999997311078969719e-01 6.609590642961351735e-04 -1.346433950754241898e-04 -1.806272642975031983e-02 -6.610101904333694472e-04 9.999996501820453965e-01 -3.819077214468297545e-04 -2.728569916671941264e-02 1.343907426024612594e-04 3.819950850565242062e-04 9.999999473818483864e-01 1.357342764291828985e+00
9.999999572730393638e-01 -1.996981967214926364e-04 1.207774081303691129e-04 -1.527487808508393163e-02 1.997810500709713258e-04 9.999997233723182388e-01 -6.916479564110000798e-04 -2.654281762099142128e-02 -1.206395018573735918e-04 6.916720786262725400e-04 9.999997626705657838e-01 1.353034516242516361e+00
9.999997430910302354e-01 7.264967012987056088e-04 2.443470469906261358e-04 -1.450313202262137890e-02 -7.263317851776639709e-04 9.999995869426535622e-01 -6.738994021342695076e-04 -2.583562887114498885e-02 -2.448363614122173312e-04 6.737226185602071494e-04 9.999996700856522702e-01 1.351615481761783144e+00
9.999986658811078621e-01 1.598293549454068594e-03 3.686012907013374359e-04 -1.650214189940010789e-02 -1.598342361460263405e-03 9.999986554693230945e-01 1.315258102256970662e-04 -2.587813923924775494e-02 -3.683906622824261270e-04 -1.321147621672167521e-04 9.999999715474893192e-01 1.349683086538306043e+00
9.999998441407002003e-01 4.631030673100562656e-04 2.400232557153639929e-04 -8.794937834881333405e-03 -4.634336985106109717e-04 9.999990176311052137e-01 1.376969909582587874e-03 -2.212018523516512403e-02 -2.393855183103970967e-04 -1.377081199394695251e-03 9.999989793980410546e-01 1.345145379108330985e+00
9.999991192505292004e-01 1.298950280105954161e-03 1.571591037524360901e-04 -1.574360234767196998e-02 -1.299194677888922773e-03 9.999979056997284621e-01 1.560728970879911130e-03 -2.772929745828678350e-02 -1.551312768012571295e-04 -1.560931534948337140e-03 9.999988291572557975e-01 1.345047584510396632e+00
9.999998502705195191e-01 -5.270440308425618529e-04 5.657394641685224512e-05 -1.247572099633482978e-02 5.271181340628188199e-04 9.999989985949122584e-01 -1.309238753379131977e-03 -2.799907661571676698e-02 -5.588320371441199793e-05 1.309268291959351377e-03 9.999990841992323354e-01 1.340399774719315928e+00
9.999999770312418823e-01 -1.193402714577991027e-04 9.701201028821953458e-05 -1.376639558456675683e-02 1.195954892996226114e-04 9.999965040447570397e-01 -2.642166204408067341e-03 -2.780774996248291941e-02 -9.669726271017540402e-05 2.642176987281751131e-03 9.999965328939310893e-01 1.338530724418077966e+00
9.999998476878172449e-01 -5.366820810759363519e-04 -3.953407864734872259e-05 -5.440562946726575089e-03 5.366356420267909310e-04 9.999991668480904261e-01 -1.177013057795027852e-03 -2.064835768507222724e-02 4.016657733158814341e-05 1.176991661385302273e-03 9.999993140870575559e-01 1.336278695630952029e+00
9.999977428753651365e-01 -2.132817583167903683e-03 1.383448986941062091e-04 -1.415288836719805904e-02 2.132635524709226502e-03 9.999968655134290341e-01 1.305467723871721938e-03 -2.703059541182928349e-02 -1.411291163372614492e-04 -1.305169645321143431e-03 9.999991330381604593e-01 1.344521694042299487e+00
9.999969974025605390e-01 -2.369683984106100896e-03 6.015357534617746813e-04 -1.201535053942682889e-02 2.368408675912000647e-03 9.999949395999835344e-01 2.113316985590195027e-03 -2.644304024517341034e-02 -6.065414748441567711e-04 -2.111885866022021000e-03 9.999975733546568879e-01 1.341081558863407963e+00
9.999983263018688007e-01 -1.582390273341093608e-03 9.142816421156509847e-04 -1.934926455176051024e-02 1.581783438902243343e-03 9.999985942766160818e-01 6.646142847874232477e-04 -3.187416163480305542e-02 -9.153318787590054720e-04 -6.631667112626703697e-04 9.999993335640465775e-01 1.338119794148553865e+00
9.999994055985723662e-01 -8.828288931044391431e-04 7.115870803886029626e-04 -1.821419300528684393e-02 8.838565506444522654e-04 9.999985140111558035e-01 -1.444965648879548495e-03 -3.059263541864698510e-02 -7.103101830948993977e-04 1.445593885766447394e-03 9.999987691371421406e-01 1.331887416033566751e+00
9.999979158920524469e-01 1.907442001727557845e-03 6.680561368555347056e-04 -1.804972683017014301e-02 -1.905832081013925051e-03 9.999952694268191555e-01 -2.403194780722216466e-03 -2.916811420706855174e-02 -6.726367914487831404e-04 2.401916310348570661e-03 9.999968138566464049e-01 1.328313626650754031e+00
9.999975684187715208e-01 1.952221110366936371e-03 1.087717121584404851e-03 -7.756713161027550818e-03 -1.949825173417601976e-03 9.999957169300061066e-01 -2.199605315750512418e-03 -2.206969523137924938e-02 -1.092006656066188538e-03 2.197478187961365761e-03 9.999970100896925507e-01 1.323570000985583306e+00
9.999943247300965288e-01 3.037415729397218746e-03 1.414027657712558237e-03 -8.526485802873295938e-03 -3.037104905680346797e-03 9.999954075628723071e-01 -2.234370487993201846e-04 -2.019726806052801749e-02 -1.414699810485340031e-03 2.191410678557240588e-04 9.999990057044336744e-01 1.331507230879751091e+00
9.999980192170635496e-01 1.431310034627051317e-03 1.419224036664920845e-03 -6.631893417661016699e-03 -1.434399268450774678e-03 9.999965237987521460e-01 2.178317944028691951e-03 -1.810986918848156435e-02 -1.416100920193995435e-03 -2.180348741034254714e-03 9.999966054014624017e-01 1.332904778907220589e+00
9.999994209732609995e-01 9.198886493507031712e-05 1.048436380812070058e-03 -4.563154758473797479e-03 -9.455073543511269176e-05 9.999969866967203247e-01 2.444600154811896707e-03 -1.933001043223248061e-02 -1.048209952254795015e-03 -2.444697041341576879e-03 9.999964964632460651e-01 1.334367780238920886e+00
9.999991607162832530e-01 -9.987698063498964048e-04 7.758718288776688928e-04 -3.251186953964979587e-03 9.982230911687965929e-04 9.999993372961846205e-01 7.046515067116250648e-04 -1.905491737813891362e-02 -7.765739895406242660e-04 -7.038765732222096970e-04 9.999994509227563277e-01 1.333836852760370562e+00
9.999993655567533946e-01 5.052398618268266924e-04 1.025489849495642104e-03 -9.906379049358982058e-03 -5.044744638731526532e-04 9.999995884720441763e-01 -7.474537997082583013e-04 -2.649905011558617574e-02 -1.025866992758660279e-03 7.469366844989831214e-04 9.999992114241463836e-01 1.343060995387290291e+00
9.999976657293583315e-01 1.760208138580969918e-03 1.244461597203143149e-03 -2.235942423171710658e-02 -1.759618210379451826e-03 9.999983238498009186e-01 -4.746011930601301706e-04 -3.980446742336418708e-02 -1.245295039667415398e-03 4.724105178198939907e-04 9.999990431208851671e-01 1.363645455164245845e+00
9.999973066874092709e-01 2.027251734469285183e-03 1.144450478601078888e-03 -1.888544822504489851e-02 -2.026821352201535562e-03 9.999978478555872075e-01 -3.745259115872467243e-04 -3.361468993014193885e-02 -1.145206847330986800e-03 3.722037913732317979e-04 9.999992623678747306e-01 1.355592514877088206e+00
9.999991203054506839e-01 7.477017159593895689e-04 1.126749066699908423e-03 -1.778533950081273574e-02 -7.465072213760354366e-04 9.999991932420649876e-01 -1.066961238032903235e-03 -3.432022609601448337e-02 -1.127546267784324766e-03 1.066119126500670103e-03 9.999988301369490129e-01 1.359102050055980726e+00
9.999988214729088609e-01 1.089297925354762789e-03 1.095363603266205242e-03 -1.499047659955810019e-02 -1.088680127393041718e-03 9.999992666720982637e-01 -5.622366575563361247e-04 -2.849285725394645752e-02 -1.095975809054970055e-03 5.610436016340407655e-04 9.999992489344010638e-01 1.353467527340939114e+00
9.999991975329859395e-01 -8.402029070112554529e-04 9.104425247200552971e-04 -2.110444849435211268e-02 8.404418928876791978e-04 9.999995345154661930e-01 -2.592280260483669873e-04 -4.158060249152883969e-02 -9.102248903951261783e-04 2.599929834012990461e-04 9.999995091784684709e-01 1.355196824236401199e+00
9.999995467684592576e-01 -5.208698566373888214e-04 7.619275560091421816e-04 -1.673683976753337355e-02 5.202623616718694962e-04 9.999996041935909075e-01 7.922663563955997931e-04 -3.372182191414285768e-02 -7.623354807942700094e-04 -7.918690493074737437e-04 9.999994153813890341e-01 1.356962986229333978e+00
9.999991802830082710e-01 -9.556660841637741296e-04 8.279491748871208685e-04 -1.927051916236832696e-02 9.544082406170959236e-04 9.999984037845750517e-01 1.527891875219738235e-03 -3.733639008160194450e-02 -8.294180110481833706e-04 -1.527100997856796526e-03 9.999984918844430082e-01 1.357199243386958187e+00
9.999994643789500426e-01 -9.970564020961168901e-04 3.180212383314370882e-04 -1.379188657881114111e-02 9.970268588817172983e-04 9.999994298686714078e-01 7.244083021858160366e-05 -3.073741663814377745e-02 -3.180798093526814745e-04 -7.212277532839391977e-05 9.999999466968740869e-01 1.348542051836147948e+00
9.999978332916046320e-01 -2.074039924314327078e-03 -2.790636654631412105e-05 -1.402696520472401787e-02 2.074052684378562342e-03 9.999977752675907050e-01 3.895583479896237971e-04 -3.274872209365664588e-02 2.708727354788894044e-05 -3.896155570173499990e-04 9.999999325921471449e-01 1.353832489623158608e+00
9.999985951419356756e-01 -1.662679298504146121e-03 -3.289068780560840707e-04 -1.780442446146013324e-02 1.662852668967792005e-03 9.999984712200911119e-01 5.259494880093269070e-04 -4.028893665750343800e-02 3.280361385381479417e-04 -5.264963180822371941e-04 9.999998190101797579e-01 1.351441524606599387e+00
9.999987721657795925e-01 -1.511253899313107652e-03 -5.408069874724574398e-04 -1.905433856850402563e-02 1.511057593637855348e-03 9.999988090506013449e-01 -3.644141516127986750e-04 -4.121465377259880825e-02 5.413614372040271823e-04 3.635970098128558318e-04 9.999997400696899463e-01 1.352903042790586596e+00
9.999979162271149802e-01 -1.589112598667515898e-03 -1.255317052274271218e-03 -1.569251959325734802e-02 1.589015781774156090e-03 9.999987751791957757e-01 -7.803939292964416044e-05 -3.311634099416593813e-02 1.255433112399264835e-03 7.604431873470204894e-05 9.999992999900009227e-01 1.345791738061080878e+00
9.999986369611773007e-01 -1.245131713487552041e-03 -1.075136481234148858e-03 -1.582232288669960241e-02 1.246217792196804451e-03 9.999986665731218638e-01 1.009356432389546792e-03 -3.364176790762973823e-02 1.073884313167676246e-03 -1.010695239424612120e-03 9.999988898826995820e-01 1.351590080431606111e+00
9.999982270944418605e-01 -1.560397790073505360e-03 -1.022719161150351152e-03 -1.393183784284746096e-02 1.560719185888577660e-03 9.999987557614005151e-01 3.132246894044046792e-04 -3.332916125469553847e-02 1.022224899260107097e-03 -3.148200125503516520e-04 9.999993856488359478e-01 1.349984624365418995e+00
9.999989198745343755e-01 -7.435552801727244492e-04 -1.301335037663990234e-03 -1.624938502103234761e-02 7.434406868588565179e-04 9.999997076005711083e-01 -8.863679287522635379e-05 -3.995928948924198920e-02 1.301401110940165464e-03 8.767023610058081019e-05 9.999991928400357999e-01 1.350021002803515557e+00
9.999992051910964186e-01 -2.599702839400866048e-04 -1.252858999059723111e-03 -1.427152381216800769e-02 2.593927156899019813e-04 9.999998745646966336e-01 -4.611941274212938424e-04 -3.372682804808091461e-02 1.252978621352399515e-03 4.608686820670600780e-04 9.999990432054197687e-01 1.349076856772256860e+00
9.999993189726670284e-01 -3.790081163066986070e-04 -1.040938264323288233e-03 -1.380788197664006844e-02 3.784890055049433175e-04 9.999997545934125043e-01 -4.990361736054740828e-04 -3.164345097956999808e-02 1.041126771805228092e-03 4.986411944991456019e-04 9.999993592073204152e-01 1.347507042602956062e+00
9.999982422599940080e-01 -1.638835089522837438e-03 -9.865217885691925526e-04 -1.237308180154061965e-02 1.637084098891063762e-03 9.999971008171594233e-01 -1.773588758654893668e-03 -3.296708134071657526e-02 9.894256836101415244e-04 1.771970122831407687e-03 9.999979160184295779e-01 1.347728531570140831e+00
9.999840366402945602e-01 -5.531741335404856408e-03 -1.130011288026984851e-03 -9.369165231646769953e-03 5.530116306042447312e-03 9.999836557135357573e-01 -1.437974004481411619e-03 -3.455135845923118509e-02 1.137947973028402907e-03 1.431701614469599402e-03 9.999983634611322447e-01 1.343196274253926958e+00
9.999762918956984770e-01 -6.786318949997378891e-03 -1.123971560676231872e-03 -8.635112818221157838e-03 6.789468663971313586e-03 9.999730533349943107e-01 2.823960763722263307e-03 -3.738608287408240471e-02 1.104776654750034160e-03 -2.831524891033248247e-03 9.999954135984304715e-01 1.352648267689346540e+00
9.999698200743708520e-01 -7.633614953896352036e-03 -1.469326878408311115e-03 -3.091048474135660307e-03 7.635026921947961169e-03 9.999703117770289973e-01 9.564260419861986100e-04 -3.122463309762357753e-02 1.461981919099368012e-03 -9.676158053703634012e-04 9.999984203081284662e-01 1.349093788578414888e+00
9.999936941380302979e-01 -3.322806788644973308e-03 -1.239470454831499615e-03 -8.056615162090219329e-03 3.319826743995424843e-03 9.999916791885132827e-01 -2.404152975600374904e-03 -3.519590772713021565e-02 1.247449015607747600e-03 2.400023592074565851e-03 9.999963890190268767e-01 1.344944755802515601e+00
1.000000033672798549e+00 -8.381165197712293902e-05 1.472724517697408071e-04 -1.011061765908238819e-02 8.439635555489348006e-05 9.999919369847489747e-01 -4.003012058357623658e-03 -2.960649027994044502e-02 -1.469356938501515167e-04 4.003023198059275228e-03 9.999919835621271513e-01 1.343538622751196954e+00
9.999933491723868029e-01 3.545275307097303825e-03 8.235622342907224702e-04 -1.735658608939449898e-02 -3.543802772547807386e-03 9.999921458323823842e-01 -1.781694476858491612e-03 -3.320215325496933545e-02 -8.298723923789761521e-04 1.778763550435516006e-03 9.999980484053360152e-01 1.345659512198011498e+00
9.999997211206156367e-01 2.556781569623014063e-04 7.532676463538465943e-04 -8.574845941917708103e-03 -2.556810506579296270e-04 9.999999830776065135e-01 -1.197928076227646023e-06 -2.500352532232907876e-02 -7.532682336711376409e-04 1.005170309838562938e-06 9.999996855929065287e-01 1.347091731308381668e+00
9.999959873882967587e-01 -2.722041981620590932e-03 6.744301632207748464e-04 -1.722864494596909601e-03 2.719923706020456466e-03 9.999914034554253650e-01 3.136861885663993002e-03 -2.463714947566630897e-02 -6.829630095757786195e-04 -3.135014296388953948e-03 9.999948791919353042e-01 1.348698750266521529e+00
9.999850722638982115e-01 -5.446413188988473084e-03 5.507349670856084151e-04 4.247373228752127083e-03 5.444593369485140576e-03 9.999798847858264450e-01 3.243786517676254533e-03 -2.417582520656846867e-02 -5.683906267801430842e-04 -3.240739150080037233e-03 9.999945715686923142e-01 1.350028862808244412e+00
9.999913506115156725e-01 -4.154701103283080232e-03 1.010060710081675008e-05 5.933237819840231353e-03 4.154696255634019418e-03 9.999910676844193658e-01 7.177519018631743977e-04 -2.691936119308868669e-02 -1.308247816874391696e-05 -7.177039522617869845e-04 9.999997586940443384e-01 1.348958101161485956e+00
9.999983884944794177e-01 -1.795368787142079476e-03 -5.140559341294707668e-05 3.670641892375092752e-03 1.795385163746537850e-03 9.999983259744135156e-01 3.723967457113395649e-04 -2.707760697398153837e-02 5.073690841796733777e-05 -3.724878218487680899e-04 9.999998982288988980e-01 1.346634475491867988e+00
9.999984926840440602e-01 1.553318919771660674e-03 8.282167418792179972e-04 8.664656812764626181e-04 -1.553616091361120126e-03 9.999987090958111224e-01 3.547972266784025683e-04 -3.066582869372691533e-02 -8.276646164594916172e-04 -3.560826786547332374e-04 9.999996347264628049e-01 1.350303753735744294e+00
9.999915105196006682e-01 3.934663332525771377e-03 1.209597578427216253e-03 -4.934206785303985043e-03 -3.934203117366748964e-03 9.999922355751733605e-01 -3.802063316173848228e-04 -2.940830604763577938e-02 -1.211084226553905486e-03 3.754442172581005130e-04 9.999991293544057136e-01 1.349681377356631629e+00
9.999937209238937141e-01 3.422706534636061736e-03 8.765589194178504935e-04 -8.979570283818016918e-04 -3.420583970383060841e-03 9.999912173505851598e-01 -2.418270687417098646e-03 -3.191813077997096570e-02 -8.848288950005832407e-04 2.415256633385258478e-03 9.999967367841524624e-01 1.350603010039179708e+00
9.999957540370466580e-01 2.836187578952780244e-03 7.353233563711864332e-04 -7.763633357260601997e-04 -2.835548631141296579e-03 9.999956362402194765e-01 -8.609930959615341847e-04 -2.545355526315917771e-02 -7.377618225318312468e-04 8.589038681945939616e-04 9.999993640958144692e-01 1.351186528880759852e+00
9.999978675047259680e-01 2.011652092833086328e-03 4.269889339341374356e-04 -9.230551484791238437e-04 -2.012227589847552858e-03 9.999970305507221990e-01 1.335623107407663034e-03 -2.579677852195594312e-02 -4.243003654290437008e-04 -1.336479374187837191e-03 9.999989793844857866e-01 1.358311649304539515e+00
9.999986071789821462e-01 1.638109479876759646e-03 -2.302733989202924113e-04 8.416945142775134059e-05 -1.638143720615550846e-03 9.999986833864170643e-01 -1.926827449564931223e-04 -2.918998672133588101e-02 2.299561318010147825e-04 1.930599879919099192e-04 9.999999850489603714e-01 1.360983656352686921e+00
9.999980452258456776e-01 1.912556356450253797e-03 -5.334144662565901531e-04 -2.913742593811718962e-03 -1.913843993681235960e-03 9.999952528482193292e-01 -2.409473981099521586e-03 -2.700382895712438724e-02 5.288048208890978137e-04 2.410489481712609506e-03 9.999969273807425285e-01 1.360169022562985219e+00
9.999937656171933309e-01 3.480073377970973724e-03 -5.541015341738277696e-04 -5.762713444877887170e-03 -3.481667045333074022e-03 9.999897081694283374e-01 -2.906538472726648802e-03 -2.677181494303848552e-02 5.439805698007955286e-04 2.908449435698499865e-03 9.999956075114997400e-01 1.359610437437822839e+00
9.999880522412860628e-01 4.894026056058334295e-03 -2.119913689954609195e-04 1.951942918920801517e-02 -4.894304172778436886e-03 9.999871661706085657e-01 -1.307303600568312640e-03 -1.398865867726506451e-02 2.055912735165967183e-04 1.308325268880117980e-03 9.999991555765730400e-01 1.364497586335573942e+00
9.999893991566947138e-01 4.595149097405283253e-03 3.049266026638986177e-04 1.497513465861666226e-02 -4.595404435329285622e-03 9.999891032081974496e-01 8.372455835198400025e-04 -2.158824437620943115e-02 -3.010766334963479378e-04 -8.386372949788573538e-04 9.999996531628931873e-01 1.368928993787335457e+00
9.999942943550864660e-01 3.330032857405836998e-03 5.429775061421761740e-04 1.768521397721434241e-03 -3.331366031612894695e-03 9.999914457594333284e-01 2.471996026640976060e-03 -2.020765042530126010e-02 -5.347411595913097128e-04 -2.473790420032241210e-03 9.999967500166806467e-01 1.376427630015342629e+00
9.999998999253708609e-01 3.634777074470005743e-04 1.324144830301151427e-04 9.955176575537905137e-03 -3.637391396524752613e-04 9.999979569250370126e-01 1.975670744024769429e-03 -2.003194885642045620e-02 -1.316965595445465957e-04 -1.975719111862369107e-03 9.999980704933628672e-01 1.379627072615136285e+00
9.999955895166803277e-01 -2.853016638863845392e-03 -7.845494585715729122e-04 9.120357118612476555e-03 2.854073890702424950e-03 9.999950415174045926e-01 1.347932511705633848e-03 -6.034689793026348781e-03 7.807006272572288540e-04 -1.350165080222390972e-03 9.999987664641312168e-01 1.376689274390656692e+00
9.999953634899483301e-01 -2.554077713030056956e-03 -1.678150820807347435e-03 1.094769352943925078e-02 2.553850483422220527e-03 9.999967138714895842e-01 -1.377584228670531460e-04 -1.158680939326517390e-02 1.678496284910327343e-03 1.334713958893711137e-04 9.999986230728378223e-01 1.375570299058210821e+00
9.999976790720509490e-01 -4.338988659825365464e-04 -2.090080173816604141e-03 1.762935227837658658e-03 4.253363361560003422e-04 9.999915417527288630e-01 -4.095531253033970857e-03 -2.049201243881570988e-02 2.091839393935378526e-03 4.094632077438552058e-03 9.999894031649386728e-01 1.381288046027236760e+00
9.999983696222215501e-01 1.050324455349486248e-03 -1.526778409776704008e-03 1.532595511223533435e-03 -1.057185821484139159e-03 9.999892890705357473e-01 -4.498928530725719577e-03 -1.762569424830662257e-02 1.522037530678168682e-03 4.500533709267209338e-03 9.999886531705602932e-01 1.379453858754203566e+00
9.999883402202655036e-01 4.776545708437869228e-03 -6.057634980155194963e-04 -6.098372325991030518e-03 -4.777100552026378871e-03 9.999881202097082866e-01 -9.170860315260432856e-04 -1.637313510037796682e-02 6.013758733689677713e-04 9.199707485423084218e-04 9.999993922035105287e-01 1.388543846915155200e+00
9.999917061397728402e-01 4.065338018973529283e-03 -1.240572684246383465e-04 -4.728286405047965602e-03 -4.065162567776134037e-03 9.999907591863913536e-01 1.392615781868008096e-03 -1.533046689631190063e-02 1.297175833673004078e-04 -1.392100552451507565e-03 9.999990337062569790e-01 1.394263549080761777e+00
9.999985235713237941e-01 1.710170633752242098e-03 2.753173246270442876e-04 4.631301358418771219e-03 -1.711008590971654182e-03 9.999938402027409579e-01 3.071491531536090728e-03 -1.403885044975239360e-02 -2.700628619841936081e-04 -3.071957156314955063e-03 9.999952985115928561e-01 1.395620076485641903e+00
9.999995900468907628e-01 7.880215863584055921e-04 4.085027515572019837e-04 5.171430742393123836e-03 -7.889090248247646042e-04 9.999973793822206636e-01 2.175870989937940102e-03 -2.213501734644429675e-02 -4.067870808450311159e-04 -2.176192208913846262e-03 9.999974934645103897e-01 1.399484759704137105e+00
9.999997839097712893e-01 -6.417809892262519092e-04 7.765146277561527912e-05 -9.765586101320722356e-04 6.417174202195179101e-04 9.999994299289965971e-01 8.147126175909002836e-04 -2.774636508067906959e-02 -7.817425578122611548e-05 -8.146623167756432199e-04 9.999997504570321549e-01 1.401534836542197127e+00
9.999989088559070316e-01 -1.494148554014851187e-03 -6.100905490891466636e-05 1.003533194834760334e-03 1.494196054039014085e-03 9.999985277918274074e-01 7.803594563535656142e-04 -2.732285983447235722e-02 5.984302973633657169e-05 -7.804495262197977791e-04 9.999996321513120456e-01 1.404512468521630808e+00
9.999966495856182913e-01 -2.586991318407834244e-03 -1.353690492337693486e-05 3.151928559178951428e-03 2.586997934577675400e-03 9.999966161519586727e-01 4.369233926371055856e-04 -2.917452997150116190e-02 1.240650026749690843e-05 -4.369568216177073094e-04 9.999999505328854843e-01 1.407991887154253163e+00
9.999963727919335410e-01 -2.663504910078909934e-03 3.762235340406770972e-04 1.325800719368164238e-03 2.663501180122046161e-03 9.999964290248389842e-01 1.001668855856935221e-05 -3.175886180009035442e-02 -3.762481964663796571e-04 -9.014591021283168608e-06 9.999998574592076084e-01 1.408476155948619635e+00
9.999955300718293971e-01 -2.996559256155314609e-03 3.322373919009489595e-04 1.269182186883877073e-03 2.996239787794788105e-03 9.999950583511003632e-01 9.617059732260029156e-04 -3.412528662779523714e-02 -3.351173471399614807e-04 -9.607060347606941877e-04 9.999995229326011925e-01 1.418375029028936751e+00
9.999916277783607033e-01 -4.071927099845906207e-03 4.115968624644273169e-04 1.286243713573220759e-03 4.071178495143499068e-03 9.999900455399783894e-01 1.805394131178161962e-03 -3.276362626219064822e-02 -4.189450769869836771e-04 -1.803702945204735788e-03 9.999982549113218822e-01 1.419447479275959267e+00
9.999939948643266074e-01 -3.436413834662939166e-03 2.261074601845206391e-04 -3.917073942484083915e-03 3.436408028185019160e-03 9.999940944466393367e-01 3.493077225262452494e-05 -4.523712381700928375e-02 -2.262269096611032237e-04 -3.415318226423984358e-05 1.000000032610090850e+00 1.421543098067019173e+00
9.999982617719516131e-01 1.852983815150074931e-03 1.819441860845578561e-04 -7.706170757598940213e-03 -1.852195217107456202e-03 9.999894069199664060e-01 -4.224023422032657446e-03 -3.984970024213385642e-02 -1.897692464376533569e-04 4.223677829085776061e-03 9.999910013237442996e-01 1.420053204367548005e+00
9.999786058817450307e-01 6.526163253752275024e-03 4.109627329578514356e-04 -1.887655724878178898e-02 -6.523754306054174723e-03 9.999629637838701735e-01 -5.621554656088999062e-03 -5.093487058752632635e-02 -4.476340868656438865e-04 5.618752278915215004e-03 9.999841477957007729e-01 1.423093820860202641e+00
9.999557060787086504e-01 9.340992876369986347e-03 1.158954449534818241e-03 -2.122663021852233545e-02 -9.340397419103110138e-03 9.999561658945380627e-01 -5.202077938466597015e-04 -3.470701923428221036e-02 -1.163762269727260752e-03 5.093598697095223088e-04 9.999991462610490212e-01 1.433292430098674686e+00
9.999648028568725033e-01 8.270333225625852575e-03 1.415366792909600758e-03 -2.178931207201917353e-02 -8.276231269657048639e-03 9.999568458121849135e-01 4.215536382482633002e-03 -3.092126261115213381e-02 -1.380442207090159428e-03 -4.227100439325897838e-03 9.999902054294468323e-01 1.437666124460605488e+00
9.999986707813873776e-01 1.483128499430805530e-03 7.545613501323806096e-04 -1.060744180171524498e-02 -1.484939312799001552e-03 9.999960791585236208e-01 2.398759754242748427e-03 -2.125915427138425073e-02 -7.510012808802746069e-04 -2.399876258255041490e-03 9.999968321412190386e-01 1.437720364762128611e+00
9.999978128948613376e-01 -2.035700082129280903e-03 -5.321399061281528124e-04 -4.702571286605339296e-03 2.035670583917430308e-03 9.999979605458811927e-01 -4.435414792301646943e-05 -2.362806324623090148e-02 5.322289664780634200e-04 4.327070394095734127e-05 9.999998611312909125e-01 1.437899126790910032e+00
9.999944888587444236e-01 -3.090891674150528928e-03 -1.166952576734841488e-03 -3.433165465965837271e-03 3.090957234255074619e-03 9.999951664407492613e-01 4.826765435878098404e-05 -2.438256252487258635e-02 1.166798578948283769e-03 -5.187426620942721503e-05 9.999993086711864709e-01 1.447905777061123445e+00
9.999963254264515600e-01 -2.479060376357942585e-03 -1.124233758355608001e-03 -4.520400165107796298e-03 2.478974961018219538e-03 9.999969705876095016e-01 -7.764969859460061263e-05 -2.209340522440195187e-02 1.124422206073164530e-03 7.486246572922682010e-05 9.999993687883053095e-01 1.449595621177252269e+00
9.999997817370093189e-01 3.616400723315698652e-04 -5.127967333084202132e-04 -5.353935760720962556e-03 -3.620907374297714057e-04 9.999995093791654854e-01 -8.794463719016350125e-04 -2.325161803001529748e-02 5.124785329221987970e-04 8.796316504055420003e-04 9.999994622256279664e-01 1.455293854264056108e+00
9.999989290808295461e-01 1.445187342184486379e-03 -1.075137360323050358e-04 -8.756177895360428565e-03 -1.445172922086462516e-03 9.999989773740537435e-01 1.361601141832517996e-04 -3.310881672041610102e-02 1.077106404851592772e-04 -1.360046074829200950e-04 9.999999630274856166e-01 1.461716423072005000e+00
9.999992750387549645e-01 1.252747795083290023e-03 -1.240426459697291665e-04 -8.940929171054934343e-03 -1.252628156659453193e-03 9.999987063251234432e-01 9.777460435901382668e-04 -3.156381861238699571e-02 1.252681458926623113e-04 -9.775897119112034444e-04 9.999994968725274269e-01 1.460410257278709878e+00
9.999997548282025805e-01 -5.882487385779564806e-04 -2.354922759303843232e-04 -7.604530237935613890e-03 5.882183163634031918e-04 9.999998408214645362e-01 -1.365644828212154245e-04 -3.646408832965919444e-02 2.355719121467743024e-04 1.364259083033243411e-04 9.999999938869170713e-01 1.468882360759494077e+00
9.999997866091813181e-01 -4.219159649600952560e-04 -3.921866644151582424e-04 -2.967585771715075538e-03 4.213649212143033259e-04 9.999988828651832362e-01 -1.403079411137565400e-03 -3.184368204518461809e-02 3.927777961635663595e-04 1.402913693592424153e-03 9.999989749633135805e-01 1.472198679898156115e+00
9.999996990953511355e-01 -7.504951006063003121e-04 -1.935516398774121010e-04 -1.046525847320234348e-03 7.504773728943362225e-04 9.999997072638318052e-01 -9.645877181503730035e-05 -2.493820804654722778e-02 1.936236805035964248e-04 9.631318256325266663e-05 9.999999735278373159e-01 1.475138443382178366e+00
9.999998841689067275e-01 3.522853000815503533e-04 -4.498287804628703195e-04 -6.769434633668192092e-03 -3.521314829814345708e-04 9.999999073778150782e-01 3.424650615064749569e-04 -2.826922051052083162e-02 4.499499024368094143e-04 -3.423066085379837965e-04 9.999998030523278292e-01 1.480436243910162375e+00
9.999999564478473379e-01 3.204799551071556968e-05 -3.420391102302934084e-04 -7.985465771264355084e-03 -3.223596891060691040e-05 9.999998489329822160e-01 -5.485075038580109223e-04 -3.034168995132757729e-02 3.420215734701828234e-04 5.485181077498673058e-04 9.999997358551784288e-01 1.477328945964927698e+00
9.999999636908415424e-01 5.032980797701595989e-05 -1.978352108868522711e-04 -5.342045811819295942e-03 -5.038284095007494328e-05 9.999999198959876878e-01 -2.716402999840098224e-04 -3.089841596601283769e-02 1.978214744046315611e-04 2.716514507375991866e-04 9.999999978544684698e-01 1.486152457783049385e+00
9.999993207688452346e-01 1.098582818144753842e-03 -3.461976751082673233e-04 -5.123695744052414458e-03 -1.098564617249062850e-03 9.999994444983265618e-01 5.688415561012719350e-05 -2.554954194438519011e-02 3.462600100930443830e-04 -5.650425011079558593e-05 9.999999381493432926e-01 1.484151642650516578e+00
9.999998451383648179e-01 -3.575877536663826968e-04 -3.409662889792771951e-04 -1.905958634575599664e-03 3.574489124496941540e-04 9.999998666589534624e-01 -4.068367878449222685e-04 -2.588288130028759682e-02 3.411116674983392157e-04 4.067146375630404168e-04 9.999998773947439412e-01 1.489553347707783360e+00
9.999998938664409476e-01 5.028738722778657499e-04 -2.646001980429573395e-04 -1.405412780082215818e-03 -5.028363977168688733e-04 9.999998272541861244e-01 1.126342358939074140e-04 -2.303159424351219897e-02 2.646567347390912320e-04 -1.125009524231405277e-04 9.999999251232216668e-01 1.490258950156942319e+00
9.999995555813543380e-01 -9.435922367021238721e-04 -1.060109426963225704e-04 9.104201611487283685e-04 9.436003643912550766e-04 9.999995187530045238e-01 1.362410477269976458e-04 -2.768395963214231870e-02 1.058824444835958852e-04 -1.363409672719450617e-04 1.000000016283905779e+00 1.491166431730249542e+00
9.999991527750774489e-01 -1.254094938876098480e-03 1.131957588056119619e-04 6.256951533585297653e-04 1.254166961560652634e-03 9.999990473644579936e-01 -6.361836349468848011e-04 -2.376516586634158656e-02 -1.123978097856543728e-04 6.363250666998412648e-04 9.999998164780318222e-01 1.490953852925969159e+00
9.999993862708357328e-01 -1.131498263099575642e-03 1.659310117238625162e-04 2.593309581627012417e-03 1.131439470413388940e-03 9.999993574122726381e-01 3.511999111271017814e-04 -1.981473923605880927e-02 -1.663282960474454938e-04 -3.510125217054227789e-04 9.999998891609183094e-01 1.494359888776585876e+00
9.999987247421825431e-01 -1.588713939718728891e-03 1.968250656484498112e-04 2.321520272745514202e-03 1.588566601042477313e-03 9.999984307752460833e-01 7.499367887980453113e-04 -2.232044498634921936e-02 -1.980161904862692780e-04 -7.496237200663554345e-04 9.999996742272466710e-01 1.496758085726412446e+00
9.999999875678921013e-01 -1.584403252152628220e-04 -1.018911508665211571e-05 5.725395408345268500e-04 1.584450974275253895e-04 9.999998643834029366e-01 4.347179249553921100e-04 -2.613505800819559965e-02 1.012028765020876672e-05 -4.347186134647657019e-04 9.999998746452093412e-01 1.495745697198884727e+00
9.999999575675128094e-01 3.761291741313284461e-04 -8.387445883943025376e-05 -2.510897402309475446e-03 -3.761429155698505031e-04 9.999999616609603903e-01 -1.586472556050224595e-04 -3.087300445355367629e-02 8.381472179406958961e-05 1.586779211668532983e-04 9.999999859886066211e-01 1.501238927589525929e+00
9.999996873287956278e-01 6.902021838402557386e-04 2.227150604625161088e-04 -1.799168096058068045e-03 -6.899268654587641103e-04 9.999989995212656968e-01 -1.234358003907220537e-03 -3.181056512708879680e-02 -2.235667912007459996e-04 1.234203701423453947e-03 9.999992214879783736e-01 1.505645661660111045e+00
9.999990994250136378e-01 1.272792035279518476e-03 5.268984693836190319e-04 -3.266682746268068094e-03 -1.273210542776102155e-03 9.999988820318731486e-01 7.953348927196532718e-04 -2.915722671546694400e-02 -5.258855694887580416e-04 -7.960038991700954655e-04 9.999995460337968156e-01 1.505380948930024942e+00
9.999997074929851681e-01 3.161899853679259577e-04 6.359087829255370347e-04 -2.358260700511149999e-03 -3.177334448069162910e-04 9.999969581529917217e-01 2.427148851396995072e-03 -2.932212623206753577e-02 -6.351397368403473688e-04 -2.427350028277008766e-03 9.999968612398351109e-01 1.510454764757184876e+00
9.999998762681956421e-01 -2.693299503369530755e-04 5.103923451643417987e-04 -1.100726686023456580e-03 2.691337396867648688e-04 9.999998768633927559e-01 3.871503879627969302e-04 -3.061460370698476652e-02 -5.104962848705184904e-04 -3.870129079351579383e-04 9.999998556039654263e-01 1.510881881851304342e+00
9.999998483435527108e-01 2.481250664026016521e-04 4.809825963168268335e-04 -2.474627546077523554e-03 -2.473597644780659759e-04 9.999986750180727135e-01 -1.591784854626500378e-03 -3.352851974081350050e-02 -4.813764732375666947e-04 1.591665280268573027e-03 9.999985565793061415e-01 1.516065633340474506e+00
9.999997689477847507e-01 -3.465030751784177303e-05 5.565332609119380027e-04 -1.176722085573733700e-03 3.540772446610142993e-05 9.999990854020950337e-01 -1.362641285603254961e-03 -2.957450870977851309e-02 -5.564866845648195693e-04 1.362660208105638971e-03 9.999989643020869012e-01 1.514719737906716546e+00
9.999995008577061695e-01 1.030614285975905726e-03 3.066094835096697525e-04 -1.744917192720851773e-03 -1.030753402345784865e-03 9.999993851524607846e-01 4.547502508432716859e-04 -2.403747871587702534e-02 -3.061397024770968144e-04 -4.550655160313058964e-04 9.999998146176920510e-01 1.521151695670198478e+00
9.999998853776398411e-01 -4.894855701843379026e-04 5.832133592173697318e-05 1.644878827644635777e-04 4.894303050726575739e-04 9.999994495378754511e-01 9.408090221482861594e-04 -2.498191540930871923e-02 -5.878235070443322066e-05 -9.407804266491531829e-04 9.999995711498412820e-01 1.524648148576602580e+00
9.999999171623641381e-01 8.040687671535450486e-05 -3.102689819363323664e-04 -1.084901576597019357e-03 -8.017808687980095114e-05 9.999997105421277732e-01 7.383990553127319769e-04 -2.529904840099472807e-02 3.103281876020378685e-04 -7.383739629485166741e-04 9.999996454915429656e-01 1.520519470852036648e+00
9.999998888723123924e-01 3.271984208251126655e-04 -2.271433793664318676e-04 -1.887175594861290051e-03 -3.271245928148607657e-04 9.999999238423604719e-01 3.287239595406742966e-04 -2.908047773895638954e-02 2.272515162967360055e-04 -3.286495649566512620e-04 9.999999691981344974e-01 1.528196421474433464e+00
9.999989825766215645e-01 1.465974787420489369e-03 4.061743549979654494e-05 -1.153582282775733603e-03 -1.465977659328953232e-03 9.999989158511528586e-01 9.385386587559965211e-05 -2.497372382501783505e-02 -4.048058803542710609e-05 -9.391321317782248812e-05 9.999999602570402990e-01 1.527690441792060483e+00
9.999994513171913679e-01 9.798863045883121625e-04 2.044448838023551899e-04 -1.004401617324512941e-03 -9.798862444936851882e-04 9.999994898249922048e-01 3.029666704417792886e-05 -2.532608377729239635e-02 -2.044147855707641041e-04 -3.049710304121989072e-05 9.999999974087164789e-01 1.532888488281969330e+00
9.999998331096748849e-01 6.004711737698345585e-04 -1.125940726138603318e-04 -1.042040449315217998e-03 -6.004751287385969851e-04 9.999997907202874403e-01 2.309175574683411814e-05 -2.362211780410294892e-02 1.126079499393464777e-04 -2.302407867085414490e-05 9.999999725288041263e-01 1.531489312445387441e+00
9.999987010765872819e-01 -1.577826331505115080e-03 8.873131623354701668e-06 4.469759182970101108e-04 1.577822527729452794e-03 9.999987692614451529e-01 3.201026021297003810e-04 -2.744807101481239187e-02 -9.378174134408218034e-06 -3.200881062995091821e-04 9.999999354532901341e-01 1.534490247967966070e+00
9.999988728760309531e-01 -1.496470366937777650e-03 -1.039052028321412895e-04 2.015132896235893867e-04 1.496565420524644668e-03 9.999984225454313647e-01 9.045350812898835012e-04 -2.808427114845013506e-02 1.025507927584259882e-04 -9.046889756901199068e-04 9.999995724016224052e-01 1.538180734084392043e+00
9.999960476109651664e-01 -2.821974046545849737e-03 5.335411735527467925e-05 2.508098307945960670e-03 2.821918686750450427e-03 9.999955547815021495e-01 1.019995664032725827e-03 -2.884718209315639825e-02 -5.623183046737401813e-05 -1.019841344811347507e-03 9.999995588441445982e-01 1.539062082720988656e+00
9.999987747321219533e-01 -1.539983665317207553e-03 -3.172616302153225790e-04 1.817029388171853554e-03 1.539735417003339603e-03 9.999984571978810521e-01 -7.788454814267705339e-04 -2.902162942327191075e-02 3.184597378011138724e-04 7.783551898223681079e-04 9.999996367110970397e-01 1.534834357412591999e+00
9.999992337805329035e-01 -1.227529736671548188e-03 -2.766603185342724424e-04 1.673975230880198062e-03 1.227138509990809796e-03 9.999982955997023248e-01 -1.413202305124124005e-03 -2.751941630266507843e-02 2.783956471296995111e-04 1.412862111316206008e-03 9.999989191457054893e-01 1.537855008657572853e+00
9.999979045411210299e-01 -1.947736701158367520e-03 5.709540319401821976e-04 2.979533583745697101e-04 1.946701591745890686e-03 9.999963961812294855e-01 1.809155151687935441e-03 -3.023397940022487518e-02 -5.744764280531316570e-04 -1.808039867098548996e-03 9.999982524369471770e-01 1.538184490538185401e+00
9.999994026706232608e-01 -1.051692231926252413e-03 4.431476880240346815e-04 -3.954475805556523227e-03 1.050569131812218370e-03 9.999962867534218924e-01 2.527855157941532975e-03 -3.627177003941550737e-02 -4.458043923855991675e-04 -2.527387701508860413e-03 9.999966630595767958e-01 1.545809535629416587e+00
9.999980668937495931e-01 -1.946042301843478421e-03 1.301295656476910540e-04 -1.048408870002903726e-03 1.946172183188808876e-03 9.999975795562583425e-01 -1.003063055636241492e-03 -4.792062799063678824e-02 -1.281762660580344369e-04 1.003315215991748425e-03 9.999995068253725305e-01 1.540684259726333494e+00
9.999995456055829068e-01 -8.479116066942315490e-04 2.882938652165180186e-04 -1.989748718162598351e-03 8.483539776058885351e-04 9.999984797006600257e-01 -1.536606314198664088e-03 -4.247415076737048878e-02 -2.869910535806501203e-04 1.536849163514463542e-03 9.999987512263615042e-01 1.539444699572413811e+00
9.999993968605491723e-01 9.703565509120381204e-04 6.448820565370321596e-04 -5.113194530427023210e-03 -9.703026918866368856e-04 9.999995807295051220e-01 -8.385794896849838010e-05 -4.516431764277850647e-02 -6.449632303123241416e-04 8.323244732460108558e-05 9.999998170700981071e-01 1.539285156919277142e+00
9.999983085852424125e-01 1.473583623152942539e-03 1.084557572658980881e-03 -5.853140047596738782e-03 -1.473995203681336850e-03 9.999987679790720563e-01 3.783987510566730762e-04 -4.420932423404710931e-02 -1.083998998222745428e-03 -3.799970236599770003e-04 9.999993740353179117e-01 1.541288203676288049e+00
9.999980749499647326e-01 1.696796597214581155e-03 9.602219171185838020e-04 -6.941429772543639132e-03 -1.696394417342741252e-03 9.999984749638620718e-01 -4.202060326237239346e-04 -4.791267068718418898e-02 -9.609329813441755798e-04 4.185759132731334113e-04 9.999993997203701079e-01 1.546258379868106658e+00
9.999988682721731026e-01 1.191121347281954776e-03 9.625711890168826140e-04 -7.072391797082744347e-03 -1.191037276238705129e-03 9.999992817707205051e-01 -8.827796610107104544e-05 -4.104195021882439676e-02 -9.626757639683619552e-04 8.713193599523329517e-05 9.999995880690812911e-01 1.542193889768554982e+00
9.999993915904570319e-01 7.554976575841083073e-04 7.914090527061744653e-04 -1.150039053834639446e-02 -7.552121700190656721e-04 9.999997299667210404e-01 -3.607238205773133149e-04 -5.573528058402299479e-02 -7.916808311830558775e-04 3.601266567577365201e-04 9.999995317881821277e-01 1.546134099788844196e+00
9.999995916984250055e-01 3.525892521986247717e-04 8.384297446041134123e-04 -7.266902248078910276e-03 -3.520841147688651054e-04 9.999996830789265045e-01 -6.030395923881434056e-04 -4.587013952065444045e-02 -8.386428542772817385e-04 6.027433921195877618e-04 9.999995032902329051e-01 1.541606770356338529e+00
9.999993712263718360e-01 -5.420640425077178108e-04 9.074561905061379443e-04 -8.732145935240520629e-03 5.424779908708998472e-04 9.999997839617753570e-01 -4.561528769315507372e-04 -5.341681914926166286e-02 -9.072094473444832548e-04 4.566447929571510866e-04 9.999994851953565300e-01 1.549814869462466049e+00
9.999995666875228784e-01 -5.886307282372180670e-04 8.386730817462124043e-04 -3.913792316162290064e-03 5.884920763057033223e-04 9.999997657909686088e-01 1.659925287681836769e-04 -3.920719075035794532e-02 -8.387726393383643664e-04 -1.654984171443969396e-04 9.999996737980869632e-01 1.550704326847380798e+00
9.999992418679405359e-01 -9.073495150988068183e-04 7.439137650813937644e-04 -3.384876175985596092e-03 9.063705169663570762e-04 9.999988132490197357e-01 1.315801422233157415e-03 -3.955734419599732377e-02 -7.451041176704648571e-04 -1.315126209191738813e-03 9.999988601221728723e-01 1.554013962074463961e+00
9.999989395472292930e-01 -1.415875823942531423e-03 3.422325735331600773e-04 -1.247576230759772642e-03 1.415730790121863363e-03 9.999988312681536984e-01 4.243122896132247722e-04 -3.523935947237344379e-02 -3.428290034923638487e-04 -4.238281368219384989e-04 9.999998299625807441e-01 1.550710566110694799e+00
9.999997764766850317e-01 -6.762378305802401075e-04 6.259232380368770650e-05 -3.132654500257903152e-03 6.763836124095537515e-04 9.999969905967370787e-01 -2.354495278441656736e-03 -4.013400106467379658e-02 -6.100643406912383015e-05 2.354537136211904899e-03 9.999971999672899736e-01 1.544867492638445583e+00
9.999994720877304344e-01 -9.446393263817881797e-04 -3.558989391152684602e-04 -3.992462624161863260e-03 9.437233715568927195e-04 9.999962659175990476e-01 -2.564329894701452423e-03 -3.923554304400500570e-02 3.583220101967373372e-04 2.563991528138396137e-03 9.999966963221837979e-01 1.554548398158942746e+00
9.999996675073216101e-01 3.170129060057407335e-04 -8.433926079703865913e-04 -4.956997110155736408e-03 -3.172670063658636027e-04 9.999999776036606614e-01 -3.013689577154784745e-04 -3.550330593896600107e-02 8.433029766766443830e-04 3.016364972095704824e-04 9.999996060914944085e-01 1.553828483942027106e+00
9.999984028393927860e-01 -1.604358304754982924e-03 -7.073486972534548476e-04 -4.185653805232725233e-03 1.604840074990749894e-03 9.999984284274792135e-01 6.803451703058317800e-04 -3.145108407680208273e-02 7.062448613818685800e-04 -6.814785513802910444e-04 9.999995122666078817e-01 1.556828048609645521e+00
9.999994588533653861e-01 9.548996218394474947e-05 -1.015244764320947677e-03 -3.879010204408395168e-03 -9.610858930674915995e-05 9.999998352188207429e-01 -6.101734278532091205e-04 -3.157522460539130549e-02 1.015191522152365322e-03 6.102703695255024246e-04 9.999992506196452302e-01 1.558999842206446829e+00
9.999998264173658447e-01 2.673349598644903934e-04 -5.613840122770598524e-04 -4.300430073157279764e-03 -2.674869222752428773e-04 9.999999299475980097e-01 -2.695774416227022315e-04 -3.390732520275996364e-02 5.613126576647885224e-04 2.697272724170407358e-04 9.999998057060627277e-01 1.562512137464409534e+00
9.999998127654274871e-01 4.284991712360988731e-05 -7.084639161678158705e-04 -5.824508163182251508e-03 -4.248922778222172686e-05 9.999998252512907193e-01 5.092723899313072533e-04 -3.532917376175337409e-02 7.084854748414996881e-04 -5.092418566691882904e-04 9.999996391457922629e-01 1.569208303933635307e+00
9.999994806988167229e-01 -4.437366567812741909e-04 -8.496440176765717800e-04 -5.109318834536580312e-03 4.440005290803677378e-04 9.999998825646657652e-01 3.102026860384256486e-04 -3.706612390442032279e-02 8.495067486966147770e-04 -3.105798967299855232e-04 9.999995471908631473e-01 1.571692877098030294e+00
9.999992965454415073e-01 -6.418586034198755152e-04 -1.033650127937525915e-03 5.862448149107635231e-05 6.426662564471500444e-04 9.999994515992673971e-01 7.813259507762849911e-04 -2.759600235517378763e-02 1.033147761517321092e-03 -7.819890961239013430e-04 9.999992060435080043e-01 1.577992931972005408e+00
9.999985273389875307e-01 1.591269841705430588e-03 -5.544688810332975507e-04 -2.053706543355460212e-03 -1.590400571471821097e-03 9.999975571451383827e-01 1.565054404606652837e-03 -3.070566328458212979e-02 5.569571630909197438e-04 -1.564170147192140347e-03 9.999986091003588706e-01 1.586550379517404963e+00
9.999996476595569561e-01 5.296503774066646216e-04 6.327545389414761029e-04 -2.272884247717543715e-03 -5.300125316620225195e-04 9.999996699232082120e-01 5.722126301683616145e-04 -3.312833877301990526e-02 -6.324505603072845148e-04 -5.725479240861748413e-04 9.999996097866828970e-01 1.584395198761740176e+00
9.999993753868069435e-01 5.732701971323616143e-04 9.710158731290649114e-04 -2.054195566193683931e-03 -5.727553837141549468e-04 9.999996739446542771e-01 -5.305892923218086168e-04 -3.764110781075924450e-02 -9.713200883645818368e-04 5.300328286486083321e-04 9.999994055152821026e-01 1.591877815349164393e+00
9.999991308400683065e-01 -1.287563976051452150e-03 3.811798320750320757e-04 6.185972009418172490e-04 1.287734629018183691e-03 9.999990728489255298e-01 -4.486438410240652574e-04 -3.169715472336598339e-02 -3.806009253700053216e-04 4.491341926663197604e-04 9.999998018151378121e-01 1.596526418802284297e+00
9.999985250596433728e-01 -1.724522778497949516e-03 1.748877959272776257e-04 1.562252254359908221e-03 1.724675577553467024e-03 9.999982085722161074e-01 -8.701532003717590358e-04 -3.573832798873688432e-02 -1.733864609356681162e-04 8.704532730179228130e-04 9.999996317617368957e-01 1.599152069567480794e+00
9.999985761143140861e-01 -1.658853726765155065e-03 2.979026555570320070e-04 -1.759721235558231456e-03 1.659426767806906466e-03 9.999967500916285834e-01 -1.933414786680391455e-03 -3.407352358555915117e-02 -2.946953206042430065e-04 1.933906679357408429e-03 9.999981358188035907e-01 1.603060424725583744e+00
9.999999427517225481e-01 -2.663088799250683952e-04 -1.177835926189665138e-07 -8.201481389720211013e-03 2.663093083051791305e-04 9.999994518737810312e-01 -9.855282203490790989e-04 -4.071954954836343177e-02 3.806174554720186479e-07 9.855267420172111534e-04 9.999994411032645525e-01 1.607404118174201813e+00
9.999975680222688013e-01 5.332255385311914474e-04 -2.124311111017792002e-03 -9.486734752217174105e-03 -5.351469356610753271e-04 9.999994240155116731e-01 -9.039825184290582608e-04 -3.587221330081824533e-02 2.123827390616034316e-03 9.051180468295359121e-04 9.999973611138918139e-01 1.614321676875761113e+00
9.999973143224721861e-01 9.281665550516004018e-04 -2.145609759234075927e-03 -1.262284676500868841e-02 -9.272663709540266601e-04 9.999994540005214816e-01 4.208598590405736913e-04 -3.717521812907786938e-02 2.145999285938530662e-03 -4.188689950111316768e-04 9.999975750615016645e-01 1.611545721483196303e+00
9.999984130818881933e-01 1.747573288317401949e-03 -3.992142294121362096e-04 -1.577444774804037664e-02 -1.746305928231492183e-03 9.999935519820911667e-01 3.154071796528152942e-03 -3.732483977062095448e-02 4.047236806219034629e-04 -3.153369874550290310e-03 9.999950166697252341e-01 1.623828153072167879e+00
9.999991116567648053e-01 -1.222088236618676556e-03 5.080364281077447966e-04 -6.568080394612652029e-03 1.220412901007806054e-03 9.999938947274263912e-01 3.285008159678085710e-03 -3.688608788313629816e-02 -5.120474073917632941e-04 -3.284383555651363123e-03 9.999944936598981204e-01 1.627128490941800010e+00
9.999994451346827518e-01 -1.047124742605160062e-03 2.094070094389682661e-04 -6.694195825135196287e-03 1.046947828121332904e-03 9.999990467643846692e-01 8.444550216110253927e-04 -4.530751036098212836e-02 -2.102905667638867116e-04 -8.442359502050309069e-04 9.999996043663823553e-01 1.628690912683453007e+00
9.999988702481077407e-01 -1.432733648752919711e-03 2.758904219569944540e-04 -3.538877491550129761e-03 1.433094545982777860e-03 9.999981082969692237e-01 -1.311954159485718410e-03 -4.088910134640055816e-02 -2.740118510714177700e-04 1.312348576293050680e-03 9.999990695102066729e-01 1.628281701066669029e+00
9.999996542071223349e-01 -7.699215320188691888e-04 3.400107473605370285e-04 -5.020688101181614016e-03 7.699101601452431557e-04 9.999997258068866746e-01 3.570591863215486687e-05 -4.129051161667351977e-02 -3.400375930639532094e-04 -3.544347368469961810e-05 9.999999495633060675e-01 1.629724617666511222e+00
1.000000007527640955e+00 1.255283284018449380e-04 2.000457972755958439e-04 -4.421463426770522176e-03 -1.256124983241571830e-04 9.999998701962885539e-01 4.179011992125790864e-04 -3.943181066433165682e-02 -1.999928324319806517e-04 -4.179275569573122047e-04 9.999999156979832993e-01 1.631529935942694465e+00
9.999998800286491463e-01 -1.359176757045801724e-04 4.880663409101124758e-04 -5.717416465785829516e-03 1.360171950771610718e-04 9.999999806650273770e-01 -2.036348810333362476e-04 -4.541391608505307431e-02 -4.880391829366483676e-04 2.037020942219304920e-04 9.999998156918388226e-01 1.625696294545775800e+00
9.999987974545225811e-01 1.441253133795129468e-03 4.796133589379589896e-04 -6.249429283243790323e-03 -1.440962495483522326e-03 9.999987500854644606e-01 -6.063144791581455027e-04 -4.201717354774103796e-02 -4.804871433966136844e-04 6.056220928757575367e-04 9.999997621882322774e-01 1.628410019943714815e+00
9.999994781813986711e-01 7.877167486292574808e-04 6.680759501544376215e-04 -6.981959038538043671e-03 -7.872071033295556866e-04 9.999994865231331964e-01 -7.617817267481670745e-04 -4.696621035875736538e-02 -6.686748447447752848e-04 7.612553418014464824e-04 9.999993954478307856e-01 1.629323782901053619e+00
9.999990106896284869e-01 -1.116124413192478952e-03 8.497605875183758236e-04 -1.211592890392410027e-03 1.114596953320037094e-03 9.999977286743921834e-01 1.794880782187093090e-03 -3.763981416554251780e-02 -8.517631131299721430e-04 -1.793932350319513017e-03 9.999981076779724809e-01 1.626601764566430575e+00
9.999995928428234704e-01 -8.917134897309215383e-04 1.345580830531635573e-04 -1.238106428483209953e-03 8.915644822577685133e-04 9.999990266982392573e-01 1.112718847255543021e-03 -4.064061289281184486e-02 -1.355490720650918491e-04 -1.112596844857096810e-03 9.999993208457340632e-01 1.626539598643319096e+00
9.999991739631477472e-01 -1.232364418676152457e-03 -3.113309725537116257e-04 -1.720146081728657350e-03 1.231908894438319942e-03 9.999981333214243984e-01 -1.458209755322309497e-03 -3.586512153427801053e-02 3.131274270761230682e-04 1.457823688284712229e-03 9.999989390510563014e-01 1.618514427447735216e+00
9.999997544966162666e-01 8.054729434019775253e-04 1.294957208810942653e-05 -5.806497821769784906e-03 -8.054745478285434135e-04 9.999996916237158251e-01 1.027522328662296033e-04 -4.459213227684966085e-02 -1.286718292205177734e-05 -1.027620890046862469e-04 9.999999988313361676e-01 1.619811295688805330e+00
9.999971021554756589e-01 2.387058064469959381e-03 -1.111667510247412973e-04 -7.379634489717457058e-03 -2.387207871121851434e-03 9.999962105749103936e-01 -1.357915776576851773e-03 -4.076684083619142029e-02 1.079250465346805220e-04 1.358176862815181933e-03 9.999990185289675537e-01 1.613003965713858179e+00
9.999990535329490449e-01 1.185987374220973329e-03 -7.446280518902295264e-04 -6.337252774956780854e-03 -1.189188704542049795e-03 9.999900337199081335e-01 -4.313450545251350937e-03 -4.308046590788006114e-02 7.395050481413341283e-04 4.314330733641621313e-03 9.999904554445264715e-01 1.607260274709460646e+00
9.999983098859636099e-01 1.584701787696671336e-03 -8.711590993654083018e-04 -5.949816555195219792e-03 -1.583716624504920203e-03 9.999980750582923017e-01 1.129669713842837951e-03 -3.400196617153738998e-02 8.729480965558864599e-04 -1.128287544092395657e-03 9.999989285659961480e-01 1.611522726371219960e+00
9.999994722210867604e-01 5.498117757746675801e-04 -8.649834731802000416e-04 -5.575144688803934656e-03 -5.468452136819525709e-04 9.999939205158610012e-01 3.426698374612800139e-03 -3.540838598494300271e-02 8.668622802402249422e-04 -3.426223956215449645e-03 9.999937633421571714e-01 1.607681206705990462e+00
9.999987267251098100e-01 1.193801326661154483e-03 -1.058095417552508844e-03 -3.835766341502733212e-03 -1.190360512298808742e-03 9.999940259539374932e-01 3.247365022473136520e-03 -3.213555908092224911e-02 1.061965710127324566e-03 -3.246099570918189146e-03 9.999942293671869598e-01 1.617465488766868020e+00
9.999991785750607098e-01 4.847580607094658387e-04 -1.208083037210039941e-03 -2.817127039628219975e-03 -4.862769934575038745e-04 9.999991441750363252e-01 -1.257228020302235795e-03 -3.403620600821000153e-02 1.207472882066844494e-03 1.257813798206275369e-03 9.999984905411439806e-01 1.606467529592862320e+00
9.999981568734943593e-01 -6.546156324451383535e-04 -1.819618872571823667e-03 -1.676557705777459439e-03 6.509053694879438383e-04 9.999977333472950258e-01 -2.038938074721931455e-03 -2.875299757243432452e-02 1.820948807609356962e-03 2.037749088805378573e-03 9.999962630707222022e-01 1.599619488669418388e+00
9.999977284174924597e-01 -9.951226281512748958e-04 -1.896766136947597176e-03 1.514926052647025401e-04 9.980921539513700012e-04 9.999982359574641766e-01 1.564995865326539821e-03 -2.649299128721782637e-02 1.895205957503324741e-03 -1.566884359151495595e-03 9.999969760511471240e-01 1.602873889511329253e+00
9.999981607523402705e-01 -1.624364570857807525e-03 -9.984412775266792404e-04 2.695007020203643577e-05 1.625229826001838062e-03 9.999982848767215993e-01 8.658668469103333876e-04 -3.463782864415687612e-02 9.970331311287175102e-04 -8.674875697552431042e-04 9.999990569319012756e-01 1.599617811070174866e+00
9.999997893491548995e-01 -2.768787940526186214e-04 -4.349503426855837684e-04 -4.019953021926481185e-04 2.764638301086771218e-04 9.999995615178833841e-01 -9.545302708427963077e-04 -3.459292587080220471e-02 4.352145739063702462e-04 9.544094694641637542e-04 9.999994403125882503e-01 1.597996585130943004e+00
9.999997821224066996e-01 -6.615384769910749281e-04 -2.191685311149842944e-04 -6.304535738102190479e-03 6.613412269237652292e-04 9.999993733464274115e-01 -9.006917517671401974e-04 -3.976993400898898301e-02 2.197640066888076078e-04 9.005465960159472153e-04 9.999996161735147382e-01 1.594532219529128270e+00
1.000000028219438564e+00 -6.526635441635696144e-05 -2.039220954570081937e-05 -5.068964506562911865e-03 6.526610074541578873e-05 9.999999527109645348e-01 5.721040147852734657e-05 -3.532277448861176339e-02 2.038859160880608480e-05 -5.721121047885677430e-05 9.999999582714839130e-01 1.598570528976324567e+00
9.999999118928524222e-01 -4.940055595315628444e-04 3.025826172408182689e-05 -7.216701859172003353e-03 4.940108118171946533e-04 9.999998252101541807e-01 -1.754170735908072807e-04 -4.029238246459510009e-02 -3.017219546961412950e-05 1.754309733462967565e-04 1.000000009452007843e+00 1.591467689489661552e+00
9.999997674863648767e-01 -6.479504793158993642e-04 -3.303623535647076957e-05 -5.628157702465497181e-03 6.479314197111453151e-04 9.999996755515593305e-01 -6.025297134909282084e-04 -4.130525340067148221e-02 3.342747973446557599e-05 6.025084656395495678e-04 9.999998125194671239e-01 1.592867163433083988e+00
9.999999794010714371e-01 -1.837354599253257720e-04 -1.278562175736367909e-04 -6.567900040383545246e-03 1.836516014381744445e-04 9.999997851271757998e-01 -6.610486798777222804e-04 -4.055818632063878937e-02 1.279773628063440340e-04 6.610251546472888790e-04 9.999997354169147812e-01 1.590994931111993083e+00
9.999998293571162877e-01 -4.967958752736180861e-04 7.415280192577706228e-05 -6.565733268593332284e-03 4.967695041740233719e-04 9.999997573816109542e-01 3.562183866288345219e-04 -3.724513876050572492e-02 -7.432923246817467369e-05 -3.561815834718949419e-04 1.000000026673311337e+00 1.590723450434268216e+00
9.999999172764908462e-01 4.319213733977328050e-04 7.009004713878358710e-05 -8.100840724691860117e-03 -4.318524182636502076e-04 9.999993875785719855e-01 -1.002802334172570378e-03 -3.806849757005714707e-02 -7.052371178311479122e-05 1.002771805019614512e-03 9.999994815208020915e-01 1.591213968426131942e+00
9.999989013570425023e-01 -1.518282332843254832e-03 6.368235967066891712e-05 -4.939902322372624610e-03 1.518360761444824143e-03 9.999981392357379928e-01 -1.224658413309516599e-03 -3.735876621408262821e-02 -6.182293359045414928e-05 1.224753012363552322e-03 9.999992079782307197e-01 1.585340476609587768e+00
9.999989819263783719e-01 -1.357665015353257164e-03 1.255668479631617883e-04 -4.914536416679937680e-03 1.357478872853392499e-03 9.999980222414176501e-01 1.479871425087352262e-03 -3.600818325268040354e-02 -1.275757437361101304e-04 -1.479699188106346373e-03 9.999988677245787994e-01 1.597785270195799967e+00
9.999986800324014435e-01 -1.666960984483167613e-03 -1.219042889197463939e-04 -8.707247908837700834e-03 1.667096996827861864e-03 9.999978969382005145e-01 1.152272077677841131e-03 -3.931728469016615435e-02 1.199833130842667026e-04 -1.152473439454988887e-03 9.999993948215378792e-01 1.597140720289360161e+00
9.999998410203830845e-01 -5.482050298531706764e-04 4.558069696649229204e-05 -6.785502272196874962e-03 5.482430897684634034e-04 9.999996105807811286e-01 -6.994000305044681788e-04 -3.596626009979431160e-02 -4.519836274994573963e-05 6.994246810367201047e-04 9.999997542989416122e-01 1.597294722749893481e+00
9.999992551974287158e-01 1.115940032155453157e-03 3.677952891070566791e-04 -1.439211103915594148e-02 -1.115621111735057638e-03 9.999989814286229795e-01 -8.764642386208343306e-04 -4.168858919670448415e-02 -3.687720630001600601e-04 8.760532055868110396e-04 9.999994725256711181e-01 1.605540893575494010e+00
9.999978877565198765e-01 2.006129050160157003e-03 4.904660163242484340e-04 -1.293889158057071054e-02 -2.006742349222422409e-03 9.999971994918344098e-01 1.253398014833577911e-03 -3.571187861068558789e-02 -4.879502370927329947e-04 -1.254379439264263979e-03 9.999991075904064441e-01 1.588763240135108390e+00
9.999990168986857553e-01 1.334178728163478182e-03 5.041531912417807895e-04 -1.662801082236686767e-02 -1.334329132223439863e-03 9.999990723859625286e-01 2.956699322717405774e-04 -4.471029096967260585e-02 -5.037585825023869123e-04 -2.963421811061289031e-04 9.999998377944206984e-01 1.640113007169986759e+00
9.999997816011083618e-01 4.021426536643563933e-04 3.686801316069240084e-04 -1.214937670450855212e-02 -4.020495072758995892e-04 9.999999062332840527e-01 -2.516548348829097947e-04 -3.943054701212922453e-02 -3.687813816427463684e-04 2.515064111909649856e-04 9.999998936340089850e-01 1.609887193022700558e+00
9.999999948621791646e-01 -1.798554402488533014e-04 2.308106279680964079e-04 -1.216617435586830887e-02 1.800395413892032183e-04 9.999996626528691035e-01 -7.981025519082602738e-04 -3.915560741839119174e-02 -2.306669556112281999e-04 7.981439711513746687e-04 9.999997007358736312e-01 1.555791524624623889e+00
9.999999124089580249e-01 1.617793078349621081e-04 2.806563857660035097e-04 -8.872334395358283388e-03 -1.617101390556389875e-04 9.999999715351312046e-01 -2.463549430090361536e-04 -3.420047105308210433e-02 -2.806959363435019964e-04 2.463094107200922167e-04 9.999998840301361769e-01 1.606214684557926375e+00
9.999999085988422465e-01 3.821770121984687809e-04 2.246331773280984287e-04 -6.537060034142519460e-03 -3.821644120205037565e-04 9.999999331849013240e-01 -5.453126298872076997e-05 -3.450439121091442018e-02 -2.246541166793048026e-04 5.444543121533353271e-05 1.000000011467810479e+00 1.605618255835281616e+00
9.999993342479717162e-01 1.152455118467477944e-03 3.122021002375161263e-04 -7.016692052909896671e-03 -1.152492653624742408e-03 9.999993049017513735e-01 1.178104869621160152e-04 -3.332639322363917245e-02 -3.120660539773493407e-04 -1.181702204344189705e-04 9.999999375030229620e-01 1.614218236831561626e+00
9.999990709934266642e-01 1.291673614329564559e-03 3.275167632312999647e-04 -8.970226829499688970e-03 -1.291909852409333379e-03 9.999989014230408202e-01 7.210979901737279204e-04 -3.617230573540997085e-02 -3.265850259786237165e-04 -7.215202235902497393e-04 9.999996807609873306e-01 1.613113322299568608e+00
9.999993518343961441e-01 1.152895461268002445e-03 2.665338815216333084e-04 -8.311081758057337066e-03 -1.152732322403269508e-03 9.999991886529180363e-01 -6.152451115116724500e-04 -3.773043173597745437e-02 -2.672430072248209096e-04 6.149372478879595871e-04 9.999998070802741390e-01 1.620583568250822282e+00
9.999995551599900612e-01 8.639981756302474777e-04 2.688270858855148658e-04 -8.282337205419598725e-03 -8.638401152582285761e-04 9.999993930746721160e-01 -5.855431849809428907e-04 -3.635380751051187076e-02 -2.693328177136884846e-04 5.853106484523001212e-04 9.999997521913165377e-01 1.610404175448024944e+00
9.999997042138643044e-01 7.464769589099003091e-04 3.261655296117204239e-04 -7.862477892156660708e-03 -7.465081757945031971e-04 9.999997759045580192e-01 9.487794471206797997e-05 -3.682344250941849140e-02 -3.260946145418936902e-04 -9.512138192708914316e-05 9.999999857913847157e-01 1.616624414994873860e+00
9.999991445133863399e-01 1.245237298567299089e-03 2.536577923399868217e-04 -6.746998840819640186e-03 -1.245470006788952037e-03 9.999987405145998043e-01 9.184430712249568290e-04 -3.379343374965504410e-02 -2.525138064714115699e-04 -9.187580633279880237e-04 9.999995053882154705e-01 1.617917416186685386e+00
9.999992705552492867e-01 1.125458469983586524e-03 3.906761952580809286e-04 -5.886147281628284489e-03 -1.125738910387483324e-03 9.999991477612419910e-01 7.170216974652530648e-04 -3.326851224788196504e-02 -3.898697490739022348e-04 -7.174608732644712113e-04 9.999997059117620157e-01 1.620185841447039365e+00
9.999997463681243870e-01 6.611637410113322495e-04 3.886602327445521287e-04 -5.434655629778184505e-03 -6.609032403463211986e-04 9.999995274402312395e-01 -6.672233772027221736e-04 -3.337980920799843432e-02 -3.891004726549920478e-04 6.669661469822289702e-04 9.999997058787456483e-01 1.629961657708520306e+00
9.999999281337423884e-01 2.235135748647256999e-05 2.517654380989392190e-04 -2.868490781935628675e-03 -2.238913648232104207e-05 1.000000010421620456e+00 1.447334651536472333e-04 -3.601453127915821284e-02 -2.517617201185199131e-04 -1.447390466906973809e-04 9.999999091904813175e-01 1.621985965909402694e+00
